iterationnum:  76
besterror: 3.94380961141
bestsolution:  [0.38860274108203824, -16.64268613051349, 40, -30.465689999684397, 22.041653185063804, 8.067029113238913, 23.59760328864479, 23.622834595549246, 15.872019991948816, 3.3888945982025556, 4.775310014018899, 20.736681361721203, 22.986783252499755, 12.142447736334912, 21.95879312289316, 22.41745826618512, 22.801066544157166, 13.537498689758234, 28.28092226214305, 4.75220466200467, 8.675754574452974, 10]






iterationnum:  87
besterror: 3.79135347122
bestsolution:  [0, -31.668664205086134, 29.05623953144675, -32.30701820862431, 13.227154645809549, 29.349475037274512, 15.343936834057173, 15.758949742953906, 13.055196942219165, 0, 9.026286607026517, 21.579952364659245, 23.997757334246078, 10.289008906920996, 18.30432680152043, 25.196010091106242, 19.386768054274434, 16.66425561222955, 30, 3.9386928627401487, 10, 10]