iterationnum:  103
besterror: 2.38741642999
bestsolution:  [0.6434388429202277, -38.943620337036634, 5.405875345132818, 40, 24.742813412188877, 13.297751524739287, 24.936064581253216, 11.384949686617997, 19.160414256726238, 25.920189337514145, 21.94348618602635, 23.272093106761695, 7.5326689019082504, 10, 3.6875771118591127, 10]






iterationnum:  254
besterror: 2.30625383903
bestsolution:  [0, 7.087185303308358, 40.0, -33.84806471955805, 7.269143372589346, 14.232009851851638, 15.31366278497754, 22.337184271050475, 24.81099766311686, 4.139397346982985, 25.66367419842841, 11.541062752012563, 27.283019592033984, 0.0000000001, 10, 10.0]
